    f         Sigma
10000000.00 0.00000000
45025025.03 0.00000000
80050050.05 0.00000000
115075075.08 0.00000000
150100100.10 0.00000001
185125125.13 0.00000002
220150150.15 0.00000005
255175175.18 0.00000009
290200200.20 0.00000015
325225225.23 0.00000023
360250250.25 0.00000035
395275275.28 0.00000051
430300300.30 0.00000071
465325325.33 0.00000097
500350350.35 0.00000130
535375375.38 0.00000170
570400400.40 0.00000219
605425425.43 0.00000278
640450450.45 0.00000347
675475475.48 0.00000430
710500500.50 0.00000525
745525525.53 0.00000637
780550550.55 0.00000764
815575575.58 0.00000910
850600600.60 0.00001076
885625625.63 0.00001264
920650650.65 0.00001475
955675675.68 0.00001711
990700700.70 0.00001974
1025725725.73 0.00002266
1060750750.75 0.00002589
1095775775.78 0.00002946
1130800800.80 0.00003337
1165825825.83 0.00003766
1200850850.85 0.00004234
1235875875.88 0.00004745
1270900900.90 0.00005299
1305925925.93 0.00005900
1340950950.95 0.00006549
1375975975.98 0.00007250
1411001001.00 0.00008005
1446026026.03 0.00008815
1481051051.05 0.00009684
1516076076.08 0.00010614
1551101101.10 0.00011608
1586126126.13 0.00012667
1621151151.15 0.00013795
1656176176.18 0.00014994
1691201201.20 0.00016266
1726226226.23 0.00017613
1761251251.25 0.00019038
1796276276.28 0.00020542
1831301301.30 0.00022129
1866326326.33 0.00023799
1901351351.35 0.00025556
1936376376.38 0.00027400
1971401401.40 0.00029332
2006426426.43 0.00031355
2041451451.45 0.00033470
2076476476.48 0.00035677
2111501501.50 0.00037978
2146526526.53 0.00040372
2181551551.55 0.00042860
2216576576.58 0.00045441
2251601601.60 0.00048115
2286626626.63 0.00050882
2321651651.65 0.00053740
2356676676.68 0.00056686
2391701701.70 0.00059720
2426726726.73 0.00062839
2461751751.75 0.00066039
2496776776.78 0.00069317
2531801801.80 0.00072670
2566826826.83 0.00076091
2601851851.85 0.00079577
2636876876.88 0.00083123
2671901901.90 0.00086721
2706926926.93 0.00090365
2741951951.95 0.00094048
2776976976.98 0.00097763
2812002002.00 0.00101502
2847027027.03 0.00105256
2882052052.05 0.00109016
2917077077.08 0.00112773
2952102102.10 0.00116518
2987127127.13 0.00120240
3022152152.15 0.00123930
3057177177.18 0.00127577
3092202202.20 0.00131172
3127227227.23 0.00134703
3162252252.25 0.00138161
3197277277.28 0.00141536
3232302302.30 0.00144817
3267327327.33 0.00147995
3302352352.35 0.00151060
3337377377.38 0.00154004
3372402402.40 0.00156817
3407427427.43 0.00159492
3442452452.45 0.00162021
3477477477.48 0.00164397
3512502502.50 0.00166613
3547527527.53 0.00168665
3582552552.55 0.00170546
3617577577.58 0.00172253
3652602602.60 0.00173782
3687627627.63 0.00175130
3722652652.65 0.00176295
3757677677.68 0.00177276
3792702702.70 0.00178072
3827727727.73 0.00178682
3862752752.75 0.00179107
3897777777.78 0.00179349
3932802802.80 0.00179410
3967827827.83 0.00179290
4002852852.85 0.00178995
4037877877.88 0.00178525
4072902902.90 0.00177887
4107927927.93 0.00177082
4142952952.95 0.00176117
4177977977.98 0.00174995
4213003003.00 0.00173722
4248028028.03 0.00172302
4283053053.05 0.00170742
4318078078.08 0.00169047
4353103103.10 0.00167223
4388128128.13 0.00165275
4423153153.15 0.00163209
4458178178.18 0.00161031
4493203203.20 0.00158747
4528228228.23 0.00156362
4563253253.25 0.00153884
4598278278.28 0.00151317
4633303303.30 0.00148668
4668328328.33 0.00145941
4703353353.35 0.00143143
4738378378.38 0.00140280
4773403403.40 0.00137356
4808428428.43 0.00134378
4843453453.45 0.00131350
4878478478.48 0.00128278
4913503503.50 0.00125167
4948528528.53 0.00122022
4983553553.55 0.00118848
5018578578.58 0.00115650
5053603603.60 0.00112433
5088628628.63 0.00109201
5123653653.65 0.00105959
5158678678.68 0.00102713
5193703703.70 0.00099465
5228728728.73 0.00096222
5263753753.75 0.00092987
5298778778.78 0.00089764
5333803803.80 0.00086559
5368828828.83 0.00083375
5403853853.85 0.00080216
5438878878.88 0.00077087
5473903903.90 0.00073991
5508928928.93 0.00070934
5543953953.95 0.00067919
5578978978.98 0.00064949
5614004004.00 0.00062030
5649029029.03 0.00059164
5684054054.05 0.00056356
5719079079.08 0.00053610
5754104104.10 0.00050928
5789129129.13 0.00048316
5824154154.15 0.00045776
5859179179.18 0.00043313
5894204204.20 0.00040929
5929229229.23 0.00038628
5964254254.25 0.00036413
5999279279.28 0.00034288
6034304304.30 0.00032255
6069329329.33 0.00030317
6104354354.35 0.00028478
6139379379.38 0.00026739
6174404404.40 0.00025104
6209429429.43 0.00023574
6244454454.45 0.00022152
6279479479.48 0.00020840
6314504504.50 0.00019639
6349529529.53 0.00018551
6384554554.55 0.00017578
6419579579.58 0.00016720
6454604604.60 0.00015979
6489629629.63 0.00015354
6524654654.65 0.00014848
6559679679.68 0.00014458
6594704704.70 0.00014187
6629729729.73 0.00014032
6664754754.75 0.00013994
6699779779.78 0.00014071
6734804804.80 0.00014262
6769829829.83 0.00014567
6804854854.85 0.00014982
6839879879.88 0.00015507
6874904904.90 0.00016139
6909929929.93 0.00016875
6944954954.95 0.00017713
6979979979.98 0.00018649
7015005005.01 0.00019681
7050030030.03 0.00020805
7085055055.06 0.00022017
7120080080.08 0.00023314
7155105105.11 0.00024691
7190130130.13 0.00026144
7225155155.16 0.00027669
7260180180.18 0.00029262
7295205205.21 0.00030917
7330230230.23 0.00032630
7365255255.26 0.00034396
7400280280.28 0.00036210
7435305305.31 0.00038068
7470330330.33 0.00039963
7505355355.36 0.00041891
7540380380.38 0.00043848
7575405405.41 0.00045827
7610430430.43 0.00047824
7645455455.46 0.00049833
7680480480.48 0.00051850
7715505505.51 0.00053870
7750530530.53 0.00055888
7785555555.56 0.00057898
7820580580.58 0.00059897
7855605605.61 0.00061879
7890630630.63 0.00063841
7925655655.66 0.00065777
7960680680.68 0.00067684
7995705705.71 0.00069557
8030730730.73 0.00071392
8065755755.76 0.00073186
8100780780.78 0.00074934
8135805805.81 0.00076634
8170830830.83 0.00078282
8205855855.86 0.00079874
8240880880.88 0.00081408
8275905905.91 0.00082881
8310930930.93 0.00084289
8345955955.96 0.00085632
8380980980.98 0.00086905
8416006006.01 0.00088107
8451031031.03 0.00089237
8486056056.06 0.00090291
8521081081.08 0.00091269
8556106106.11 0.00092169
8591131131.13 0.00092990
8626156156.16 0.00093730
8661181181.18 0.00094389
8696206206.21 0.00094965
8731231231.23 0.00095459
8766256256.26 0.00095869
8801281281.28 0.00096196
8836306306.31 0.00096439
8871331331.33 0.00096599
8906356356.36 0.00096675
8941381381.38 0.00096667
8976406406.41 0.00096577
9011431431.43 0.00096405
9046456456.46 0.00096152
9081481481.48 0.00095819
9116506506.51 0.00095406
9151531531.53 0.00094916
9186556556.56 0.00094349
9221581581.58 0.00093707
9256606606.61 0.00092992
9291631631.63 0.00092205
9326656656.66 0.00091350
9361681681.68 0.00090426
9396706706.71 0.00089438
9431731731.73 0.00088387
9466756756.76 0.00087275
9501781781.78 0.00086106
9536806806.81 0.00084881
9571831831.83 0.00083604
9606856856.86 0.00082278
9641881881.88 0.00080905
9676906906.91 0.00079489
9711931931.93 0.00078033
9746956956.96 0.00076539
9781981981.98 0.00075012
9817007007.01 0.00073455
9852032032.03 0.00071871
9887057057.06 0.00070264
9922082082.08 0.00068636
9957107107.11 0.00066993
9992132132.13 0.00065337
10027157157.16 0.00063672
10062182182.18 0.00062002
10097207207.21 0.00060331
10132232232.23 0.00058661
10167257257.26 0.00056997
10202282282.28 0.00055343
10237307307.31 0.00053701
10272332332.33 0.00052076
10307357357.36 0.00050471
10342382382.38 0.00048889
10377407407.41 0.00047334
10412432432.43 0.00045809
10447457457.46 0.00044318
10482482482.48 0.00042863
10517507507.51 0.00041448
10552532532.53 0.00040075
10587557557.56 0.00038748
10622582582.58 0.00037468
10657607607.61 0.00036239
10692632632.63 0.00035064
10727657657.66 0.00033943
10762682682.68 0.00032881
10797707707.71 0.00031877
10832732732.73 0.00030935
10867757757.76 0.00030057
10902782782.78 0.00029242
10937807807.81 0.00028494
10972832832.83 0.00027813
11007857857.86 0.00027200
11042882882.88 0.00026656
11077907907.91 0.00026182
11112932932.93 0.00025779
11147957957.96 0.00025446
11182982982.98 0.00025183
11218008008.01 0.00024992
11253033033.03 0.00024871
11288058058.06 0.00024820
11323083083.08 0.00024840
11358108108.11 0.00024928
11393133133.13 0.00025085
11428158158.16 0.00025309
11463183183.18 0.00025600
11498208208.21 0.00025955
11533233233.23 0.00026375
11568258258.26 0.00026856
11603283283.28 0.00027398
11638308308.31 0.00027999
11673333333.33 0.00028657
11708358358.36 0.00029369
11743383383.38 0.00030135
11778408408.41 0.00030951
11813433433.43 0.00031815
11848458458.46 0.00032725
11883483483.48 0.00033678
11918508508.51 0.00034673
11953533533.53 0.00035705
11988558558.56 0.00036774
12023583583.58 0.00037875
12058608608.61 0.00039006
12093633633.63 0.00040165
12128658658.66 0.00041348
12163683683.68 0.00042553
12198708708.71 0.00043776
12233733733.73 0.00045016
12268758758.76 0.00046268
12303783783.78 0.00047530
12338808808.81 0.00048799
12373833833.83 0.00050072
12408858858.86 0.00051347
12443883883.88 0.00052620
12478908908.91 0.00053888
12513933933.93 0.00055149
12548958958.96 0.00056399
12583983983.98 0.00057637
12619009009.01 0.00058859
12654034034.03 0.00060063
12689059059.06 0.00061245
12724084084.08 0.00062404
12759109109.11 0.00063537
12794134134.13 0.00064642
12829159159.16 0.00065716
12864184184.18 0.00066757
12899209209.21 0.00067762
12934234234.23 0.00068730
12969259259.26 0.00069659
13004284284.28 0.00070546
13039309309.31 0.00071391
13074334334.33 0.00072190
13109359359.36 0.00072943
13144384384.38 0.00073648
13179409409.41 0.00074304
13214434434.43 0.00074909
13249459459.46 0.00075462
13284484484.48 0.00075963
13319509509.51 0.00076409
13354534534.53 0.00076801
13389559559.56 0.00077138
13424584584.58 0.00077419
13459609609.61 0.00077643
13494634634.63 0.00077811
13529659659.66 0.00077922
13564684684.68 0.00077976
13599709709.71 0.00077974
13634734734.73 0.00077915
13669759759.76 0.00077800
13704784784.78 0.00077629
13739809809.81 0.00077403
13774834834.83 0.00077122
13809859859.86 0.00076788
13844884884.88 0.00076402
13879909909.91 0.00075963
13914934934.93 0.00075475
13949959959.96 0.00074937
13984984984.98 0.00074352
14020010010.01 0.00073720
14055035035.04 0.00073044
14090060060.06 0.00072326
14125085085.09 0.00071566
14160110110.11 0.00070767
14195135135.14 0.00069931
14230160160.16 0.00069061
14265185185.19 0.00068157
14300210210.21 0.00067223
14335235235.24 0.00066260
14370260260.26 0.00065271
14405285285.29 0.00064259
14440310310.31 0.00063225
14475335335.34 0.00062173
14510360360.36 0.00061104
14545385385.39 0.00060021
14580410410.41 0.00058928
14615435435.44 0.00057825
14650460460.46 0.00056716
14685485485.49 0.00055604
14720510510.51 0.00054491
14755535535.54 0.00053379
14790560560.56 0.00052271
14825585585.59 0.00051170
14860610610.61 0.00050078
14895635635.64 0.00048997
14930660660.66 0.00047930
14965685685.69 0.00046879
15000710710.71 0.00045846
15035735735.74 0.00044834
15070760760.76 0.00043845
15105785785.79 0.00042881
15140810810.81 0.00041944
15175835835.84 0.00041036
15210860860.86 0.00040159
15245885885.89 0.00039314
15280910910.91 0.00038504
15315935935.94 0.00037729
15350960960.96 0.00036992
15385985985.99 0.00036294
15421011011.01 0.00035636
15456036036.04 0.00035020
15491061061.06 0.00034446
15526086086.09 0.00033916
15561111111.11 0.00033430
15596136136.14 0.00032990
15631161161.16 0.00032596
15666186186.19 0.00032248
15701211211.21 0.00031948
15736236236.24 0.00031695
15771261261.26 0.00031491
15806286286.29 0.00031334
15841311311.31 0.00031225
15876336336.34 0.00031164
15911361361.36 0.00031152
15946386386.39 0.00031187
15981411411.41 0.00031269
16016436436.44 0.00031398
16051461461.46 0.00031573
16086486486.49 0.00031794
16121511511.51 0.00032059
16156536536.54 0.00032369
16191561561.56 0.00032722
16226586586.59 0.00033116
16261611611.61 0.00033552
16296636636.64 0.00034027
16331661661.66 0.00034540
16366686686.69 0.00035091
16401711711.71 0.00035677
16436736736.74 0.00036297
16471761761.76 0.00036950
16506786786.79 0.00037633
16541811811.81 0.00038346
16576836836.84 0.00039085
16611861861.86 0.00039851
16646886886.89 0.00040640
16681911911.91 0.00041450
16716936936.94 0.00042281
16751961961.96 0.00043129
16786986986.99 0.00043993
16822012012.01 0.00044871
16857037037.04 0.00045760
16892062062.06 0.00046659
16927087087.09 0.00047566
16962112112.11 0.00048477
16997137137.14 0.00049392
17032162162.16 0.00050308
17067187187.19 0.00051223
17102212212.21 0.00052135
17137237237.24 0.00053042
17172262262.26 0.00053941
17207287287.29 0.00054831
17242312312.31 0.00055710
17277337337.34 0.00056575
17312362362.36 0.00057425
17347387387.39 0.00058258
17382412412.41 0.00059072
17417437437.44 0.00059865
17452462462.46 0.00060636
17487487487.49 0.00061382
17522512512.51 0.00062102
17557537537.54 0.00062794
17592562562.56 0.00063458
17627587587.59 0.00064091
17662612612.61 0.00064692
17697637637.64 0.00065261
17732662662.66 0.00065795
17767687687.69 0.00066293
17802712712.71 0.00066756
17837737737.74 0.00067180
17872762762.76 0.00067567
17907787787.79 0.00067915
17942812812.81 0.00068223
17977837837.84 0.00068491
18012862862.86 0.00068718
18047887887.89 0.00068905
18082912912.91 0.00069050
18117937937.94 0.00069154
18152962962.96 0.00069216
18187987987.99 0.00069237
18223013013.01 0.00069216
18258038038.04 0.00069154
18293063063.06 0.00069051
18328088088.09 0.00068908
18363113113.11 0.00068725
18398138138.14 0.00068502
18433163163.16 0.00068241
18468188188.19 0.00067942
18503213213.21 0.00067605
18538238238.24 0.00067233
18573263263.26 0.00066825
18608288288.29 0.00066383
18643313313.31 0.00065908
18678338338.34 0.00065402
18713363363.36 0.00064865
18748388388.39 0.00064299
18783413413.41 0.00063705
18818438438.44 0.00063085
18853463463.46 0.00062440
18888488488.49 0.00061772
18923513513.51 0.00061083
18958538538.54 0.00060374
18993563563.56 0.00059647
19028588588.59 0.00058903
19063613613.61 0.00058145
19098638638.64 0.00057374
19133663663.66 0.00056592
19168688688.69 0.00055801
19203713713.71 0.00055002
19238738738.74 0.00054198
19273763763.76 0.00053390
19308788788.79 0.00052580
19343813813.81 0.00051770
19378838838.84 0.00050962
19413863863.86 0.00050157
19448888888.89 0.00049358
19483913913.91 0.00048566
19518938938.94 0.00047783
19553963963.96 0.00047011
19588988988.99 0.00046251
19624014014.01 0.00045504
19659039039.04 0.00044774
19694064064.06 0.00044061
19729089089.09 0.00043366
19764114114.11 0.00042692
19799139139.14 0.00042039
19834164164.16 0.00041409
19869189189.19 0.00040804
19904214214.21 0.00040224
19939239239.24 0.00039670
19974264264.26 0.00039145
20009289289.29 0.00038649
20044314314.31 0.00038182
20079339339.34 0.00037747
20114364364.36 0.00037343
20149389389.39 0.00036971
20184414414.41 0.00036633
20219439439.44 0.00036329
20254464464.46 0.00036059
20289489489.49 0.00035823
20324514514.51 0.00035623
20359539539.54 0.00035459
20394564564.56 0.00035330
20429589589.59 0.00035237
20464614614.61 0.00035179
20499639639.64 0.00035158
20534664664.66 0.00035173
20569689689.69 0.00035223
20604714714.71 0.00035308
20639739739.74 0.00035429
20674764764.76 0.00035584
20709789789.79 0.00035773
20744814814.81 0.00035995
20779839839.84 0.00036251
20814864864.86 0.00036538
20849889889.89 0.00036857
20884914914.91 0.00037207
20919939939.94 0.00037586
20954964964.96 0.00037993
20989989989.99 0.00038428
21025015015.02 0.00038890
21060040040.04 0.00039377
21095065065.07 0.00039887
21130090090.09 0.00040421
21165115115.12 0.00040976
21200140140.14 0.00041551
21235165165.17 0.00042145
21270190190.19 0.00042756
21305215215.22 0.00043383
21340240240.24 0.00044024
21375265265.27 0.00044677
21410290290.29 0.00045342
21445315315.32 0.00046016
21480340340.34 0.00046699
21515365365.37 0.00047387
21550390390.39 0.00048081
21585415415.42 0.00048777
21620440440.44 0.00049475
21655465465.47 0.00050173
21690490490.49 0.00050869
21725515515.52 0.00051562
21760540540.54 0.00052250
21795565565.57 0.00052931
21830590590.59 0.00053604
21865615615.62 0.00054268
21900640640.64 0.00054920
21935665665.67 0.00055560
21970690690.69 0.00056185
22005715715.72 0.00056796
22040740740.74 0.00057389
22075765765.77 0.00057965
22110790790.79 0.00058521
22145815815.82 0.00059057
22180840840.84 0.00059570
22215865865.87 0.00060062
22250890890.89 0.00060529
22285915915.92 0.00060971
22320940940.94 0.00061387
22355965965.97 0.00061777
22390990990.99 0.00062140
22426016016.02 0.00062474
22461041041.04 0.00062779
22496066066.07 0.00063055
22531091091.09 0.00063301
22566116116.12 0.00063517
22601141141.14 0.00063701
22636166166.17 0.00063855
22671191191.19 0.00063977
22706216216.22 0.00064068
22741241241.24 0.00064127
22776266266.27 0.00064154
22811291291.29 0.00064150
22846316316.32 0.00064114
22881341341.34 0.00064047
22916366366.37 0.00063949
22951391391.39 0.00063821
22986416416.42 0.00063662
23021441441.44 0.00063473
23056466466.47 0.00063255
23091491491.49 0.00063009
23126516516.52 0.00062734
23161541541.54 0.00062433
23196566566.57 0.00062104
23231591591.59 0.00061750
23266616616.62 0.00061372
23301641641.64 0.00060969
23336666666.67 0.00060544
23371691691.69 0.00060097
23406716716.72 0.00059629
23441741741.74 0.00059142
23476766766.77 0.00058637
23511791791.79 0.00058114
23546816816.82 0.00057575
23581841841.84 0.00057022
23616866866.87 0.00056455
23651891891.89 0.00055877
23686916916.92 0.00055288
23721941941.94 0.00054689
23756966966.97 0.00054083
23791991991.99 0.00053470
23827017017.02 0.00052852
23862042042.04 0.00052230
23897067067.07 0.00051606
23932092092.09 0.00050982
23967117117.12 0.00050357
24002142142.14 0.00049735
24037167167.17 0.00049116
24072192192.19 0.00048503
24107217217.22 0.00047895
24142242242.24 0.00047294
24177267267.27 0.00046703
24212292292.29 0.00046122
24247317317.32 0.00045552
24282342342.34 0.00044995
24317367367.37 0.00044451
24352392392.39 0.00043923
24387417417.42 0.00043411
24422442442.44 0.00042917
24457467467.47 0.00042441
24492492492.49 0.00041984
24527517517.52 0.00041547
24562542542.54 0.00041132
24597567567.57 0.00040740
24632592592.59 0.00040370
24667617617.62 0.00040024
24702642642.64 0.00039702
24737667667.67 0.00039405
24772692692.69 0.00039135
24807717717.72 0.00038890
24842742742.74 0.00038672
24877767767.77 0.00038481
24912792792.79 0.00038318
24947817817.82 0.00038182
24982842842.84 0.00038074
25017867867.87 0.00037995
25052892892.89 0.00037943
25087917917.92 0.00037919
25122942942.94 0.00037924
25157967967.97 0.00037957
25192992992.99 0.00038017
25228018018.02 0.00038105
25263043043.04 0.00038220
25298068068.07 0.00038363
25333093093.09 0.00038531
25368118118.12 0.00038726
25403143143.14 0.00038946
25438168168.17 0.00039191
25473193193.19 0.00039460
25508218218.22 0.00039753
25543243243.24 0.00040068
25578268268.27 0.00040406
25613293293.29 0.00040764
25648318318.32 0.00041142
25683343343.34 0.00041540
25718368368.37 0.00041956
25753393393.39 0.00042389
25788418418.42 0.00042838
25823443443.44 0.00043303
25858468468.47 0.00043781
25893493493.49 0.00044272
25928518518.52 0.00044775
25963543543.54 0.00045288
25998568568.57 0.00045810
26033593593.59 0.00046340
26068618618.62 0.00046877
26103643643.64 0.00047419
26138668668.67 0.00047965
26173693693.69 0.00048515
26208718718.72 0.00049065
26243743743.74 0.00049617
26278768768.77 0.00050167
26313793793.79 0.00050715
26348818818.82 0.00051260
26383843843.84 0.00051800
26418868868.87 0.00052334
26453893893.89 0.00052861
26488918918.92 0.00053379
26523943943.94 0.00053888
26558968968.97 0.00054387
26593993993.99 0.00054874
26629019019.02 0.00055348
26664044044.04 0.00055808
26699069069.07 0.00056253
26734094094.09 0.00056683
26769119119.12 0.00057096
26804144144.14 0.00057491
26839169169.17 0.00057867
26874194194.19 0.00058225
26909219219.22 0.00058562
26944244244.24 0.00058879
26979269269.27 0.00059174
27014294294.29 0.00059447
27049319319.32 0.00059698
27084344344.34 0.00059925
27119369369.37 0.00060129
27154394394.39 0.00060309
27189419419.42 0.00060465
27224444444.44 0.00060596
27259469469.47 0.00060703
27294494494.49 0.00060785
27329519519.52 0.00060841
27364544544.54 0.00060873
27399569569.57 0.00060879
27434594594.59 0.00060861
27469619619.62 0.00060817
27504644644.64 0.00060749
27539669669.67 0.00060656
27574694694.69 0.00060539
27609719719.72 0.00060399
27644744744.74 0.00060234
27679769769.77 0.00060047
27714794794.79 0.00059837
27749819819.82 0.00059606
27784844844.84 0.00059352
27819869869.87 0.00059078
27854894894.89 0.00058784
27889919919.92 0.00058471
27924944944.94 0.00058139
27959969969.97 0.00057789
27994994994.99 0.00057422
28030020020.02 0.00057040
28065045045.05 0.00056642
28100070070.07 0.00056230
28135095095.10 0.00055805
28170120120.12 0.00055367
28205145145.15 0.00054918
28240170170.17 0.00054460
28275195195.20 0.00053992
28310220220.22 0.00053516
28345245245.25 0.00053034
28380270270.27 0.00052546
28415295295.30 0.00052053
28450320320.32 0.00051557
28485345345.35 0.00051058
28520370370.37 0.00050558
28555395395.40 0.00050058
28590420420.42 0.00049560
28625445445.45 0.00049063
28660470470.47 0.00048570
28695495495.50 0.00048082
28730520520.52 0.00047599
28765545545.55 0.00047122
28800570570.57 0.00046654
28835595595.60 0.00046194
28870620620.62 0.00045744
28905645645.65 0.00045304
28940670670.67 0.00044877
28975695695.70 0.00044462
29010720720.72 0.00044061
29045745745.75 0.00043674
29080770770.77 0.00043302
29115795795.80 0.00042947
29150820820.82 0.00042608
29185845845.85 0.00042288
29220870870.87 0.00041985
29255895895.90 0.00041701
29290920920.92 0.00041437
29325945945.95 0.00041192
29360970970.97 0.00040969
29395995996.00 0.00040766
29431021021.02 0.00040584
29466046046.05 0.00040424
29501071071.07 0.00040286
29536096096.10 0.00040171
29571121121.12 0.00040077
29606146146.15 0.00040007
29641171171.17 0.00039959
29676196196.20 0.00039933
29711221221.22 0.00039930
29746246246.25 0.00039950
29781271271.27 0.00039992
29816296296.30 0.00040057
29851321321.32 0.00040144
29886346346.35 0.00040252
29921371371.37 0.00040382
29956396396.40 0.00040533
29991421421.42 0.00040704
30026446446.45 0.00040896
30061471471.47 0.00041108
30096496496.50 0.00041338
30131521521.52 0.00041588
30166546546.55 0.00041855
30201571571.57 0.00042139
30236596596.60 0.00042440
30271621621.62 0.00042757
30306646646.65 0.00043089
30341671671.67 0.00043435
30376696696.70 0.00043795
30411721721.72 0.00044167
30446746746.75 0.00044550
30481771771.77 0.00044944
30516796796.80 0.00045349
30551821821.82 0.00045761
30586846846.85 0.00046182
30621871871.87 0.00046610
30656896896.90 0.00047043
30691921921.92 0.00047482
30726946946.95 0.00047924
30761971971.97 0.00048369
30796996997.00 0.00048815
30832022022.02 0.00049263
30867047047.05 0.00049710
30902072072.07 0.00050156
30937097097.10 0.00050599
30972122122.12 0.00051039
31007147147.15 0.00051475
31042172172.17 0.00051906
31077197197.20 0.00052330
31112222222.22 0.00052747
31147247247.25 0.00053156
31182272272.27 0.00053556
31217297297.30 0.00053946
31252322322.32 0.00054325
31287347347.35 0.00054692
31322372372.37 0.00055047
31357397397.40 0.00055389
31392422422.42 0.00055716
31427447447.45 0.00056029
31462472472.47 0.00056327
31497497497.50 0.00056608
31532522522.52 0.00056873
31567547547.55 0.00057121
31602572572.57 0.00057351
31637597597.60 0.00057563
31672622622.62 0.00057756
31707647647.65 0.00057931
31742672672.67 0.00058086
31777697697.70 0.00058221
31812722722.72 0.00058336
31847747747.75 0.00058432
31882772772.77 0.00058507
31917797797.80 0.00058561
31952822822.82 0.00058595
31987847847.85 0.00058609
32022872872.87 0.00058602
32057897897.90 0.00058575
32092922922.92 0.00058528
32127947947.95 0.00058460
32162972972.97 0.00058373
32197997998.00 0.00058266
32233023023.02 0.00058139
32268048048.05 0.00057994
32303073073.07 0.00057830
32338098098.10 0.00057647
32373123123.12 0.00057447
32408148148.15 0.00057230
32443173173.17 0.00056996
32478198198.20 0.00056746
32513223223.22 0.00056480
32548248248.25 0.00056200
32583273273.27 0.00055905
32618298298.30 0.00055597
32653323323.32 0.00055276
32688348348.35 0.00054944
32723373373.37 0.00054600
32758398398.40 0.00054245
32793423423.42 0.00053882
32828448448.45 0.00053509
32863473473.47 0.00053129
32898498498.50 0.00052742
32933523523.52 0.00052349
32968548548.55 0.00051950
33003573573.57 0.00051548
33038598598.60 0.00051142
33073623623.62 0.00050734
33108648648.65 0.00050325
33143673673.67 0.00049915
33178698698.70 0.00049506
33213723723.72 0.00049098
33248748748.75 0.00048693
33283773773.77 0.00048291
33318798798.80 0.00047893
33353823823.82 0.00047500
33388848848.85 0.00047113
33423873873.87 0.00046733
33458898898.90 0.00046361
33493923923.92 0.00045997
33528948948.95 0.00045642
33563973973.97 0.00045298
33598998999.00 0.00044964
33634024024.02 0.00044642
33669049049.05 0.00044332
33704074074.07 0.00044035
33739099099.10 0.00043752
33774124124.12 0.00043483
33809149149.15 0.00043228
33844174174.17 0.00042989
33879199199.20 0.00042766
33914224224.22 0.00042559
33949249249.25 0.00042368
33984274274.27 0.00042195
34019299299.30 0.00042039
34054324324.32 0.00041900
34089349349.35 0.00041780
34124374374.37 0.00041678
34159399399.40 0.00041594
34194424424.42 0.00041528
34229449449.45 0.00041481
34264474474.47 0.00041453
34299499499.50 0.00041444
34334524524.52 0.00041453
34369549549.55 0.00041480
34404574574.57 0.00041526
34439599599.60 0.00041591
34474624624.62 0.00041673
34509649649.65 0.00041773
34544674674.67 0.00041891
34579699699.70 0.00042026
34614724724.72 0.00042177
34649749749.75 0.00042345
34684774774.77 0.00042529
34719799799.80 0.00042729
34754824824.82 0.00042944
34789849849.85 0.00043173
34824874874.87 0.00043417
34859899899.90 0.00043673
34894924924.92 0.00043942
34929949949.95 0.00044224
34964974974.97 0.00044517
35000000000.00 0.00044820
